0.1  44.5e-20
0.1333  39.2e-20
0.1778  34.3e-20
0.237  30.2e-20
0.316  26.8e-20
0.422  24.2e-20
0.562  21.8e-20
0.750  19.7e-20
1  17.9e-20
1.334  16.6e-20
1.778  15.2e-20
2.37  14e-20
3.16  13e-20
4.22  12.1e-20
5.62  11.3e-20
7.5  10.6e-20
10  9.8e-20
13.34  9.25e-20
17.78  8.7e-20
23.7  8.2e-20
31.6  7.75e-20
42.2  7.25e-20
56.2  6.75e-20
75  6.23e-20
100  5.6e-20
133.4  5.03e-20
177.8  4.33e-20
237  3.65e-20
316  2.93e-20
422  2.35e-20
562  1.63e-20
750  1.08e-20
1000  0.68e-20
1334  0.405e-20
1778  0.237e-20
2370  0.137e-20
3160  0.077e-20
4220  0.043e-20
5620  0.0235e-20
7500  0.013e-20
10000  0.0072e-20
