41.82299438  4.7603e-21
43.91381556  3.4931e-21
43.91381556  3.3224e-21
44.44448889  4.5765e-21
46.05563214  3.1385e-21
60.59735042  3.5391e-21
71.62355382  3.9856e-21
102.00596  3.7229e-21
140.5716126  3.4077e-21
142.4711994  4.5896e-21
212.3099611  4.1563e-21
287.8475312  5.2068e-21
388.9004867  5.1018e-21
556.6206837  5.1018e-21
736.8895714  5.8634e-21
879.7559381  5.5351e-21
1066.328779  5.9816e-21
1302.330752  6.5529e-21
1804.129873  6.9796e-21
1814.317839  6.3887e-21
2222.717971  7.2029e-21
2734.809907  7.5049e-21
3208.849754  7.216e-21
3759.819864  7.7282e-21
4208.150632  7.8398e-21
4808.218659  8.4767e-21
5238.176813  8.0039e-21
5765.082444  8.2337e-21
6515.485928  8.4373e-21
7209.738668  9.3828e-21
8031.880623  8.4898e-21
9179.245678  8.7984e-21
9944.190087  8.759e-21
