33.5058061  3.4668e-21
40.79670707  3.5391e-21
49.92651886  3.6376e-21
60.59735042  3.736e-21
71.62355382  3.8214e-21
82.11766913  3.8936e-21
92.55902298  3.9593e-21
108.5588951  4.0643e-21
125.8336524  4.1563e-21
144.383535  4.2482e-21
164.2080785  4.3401e-21
185.3075071  4.4189e-21
207.682109  4.5108e-21
231.3313238  4.5765e-21
256.2554237  4.6422e-21
282.4547448  4.7209e-21
309.9286309  4.7997e-21
338.6774022  4.8654e-21
368.7014426  4.9573e-21
396.8127744  5.0361e-21
419.3910793  5.0886e-21
452.7298785  5.1543e-21
487.3431532  5.22e-21
523.2313131  5.2856e-21
560.394358  5.3644e-21
598.8327775  5.4301e-21
638.5456087  5.4957e-21
679.533325  5.5614e-21
721.7964637  5.6271e-21
760.9228461  5.7058e-21
796.5687746  5.7584e-21
842.2741622  5.8109e-21
889.2538705  5.8766e-21
937.5084639  5.9554e-21
987.0385708  6.0079e-21
1037.84295  6.0473e-21
1074.164573  6.0998e-21
1121.781719  6.1655e-21
1175.901486  6.218e-21
1231.295468  6.2705e-21
1287.964335  6.3362e-21
1334.218076  6.3821e-21
1387.228015  6.4281e-21
1447.339088  6.4675e-21
1508.725823  6.5332e-21
1571.386682  6.5857e-21
1635.322426  6.6382e-21
1700.533056  6.7039e-21
1767.019411  6.7301e-21
1834.779827  6.7827e-21
1931.787094  6.8483e-21
2002.60725  6.9009e-21
2074.702291  6.9402e-21
2148.073144  6.9928e-21
2234.024654  7.0584e-21
2306.299774  7.1241e-21
2383.622836  7.1504e-21
2462.219823  7.2029e-21
2542.091695  7.2554e-21
2623.238452  7.2948e-21
2705.661135  7.3605e-21
2768.314022  7.3933e-21
2840.187549  7.413e-21
2925.924991  7.4524e-21
3012.936252  7.5049e-21
3101.222398  7.5575e-21
3190.784558  7.5837e-21
3281.62049  7.6362e-21
3373.731307  7.6625e-21
3467.118187  7.715e-21
3561.778791  7.7544e-21
3657.714279  7.7807e-21
3750.033856  7.8201e-21
3853.411153  7.8726e-21
3948.153027  7.8989e-21
4074.56763  7.9448e-21
4166.818691  7.9842e-21
4254.892889  8.0171e-21
4343.888191  8.0433e-21
4449.769149  8.0959e-21
4556.923675  8.109e-21
4665.353085  8.1615e-21
4775.058763  8.1615e-21
4886.03796  8.2009e-21
4998.292042  8.2272e-21
5111.822439  8.2666e-21
5226.626307  8.2928e-21
5342.70506  8.3191e-21
5460.060177  8.3585e-21
5578.688716  8.3848e-21
5692.566691  8.3979e-21
5819.771976  8.4373e-21
5942.225187  8.4767e-21
6065.953283  8.4898e-21
6190.956264  8.5161e-21
6317.235719  8.5424e-21
6451.199591  8.562e-21
6554.210717  8.5752e-21
6664.555685  8.608e-21
6795.550658  8.6343e-21
6927.820516  8.6474e-21
7061.36694  8.6737e-21
7196.186585  8.6999e-21
7332.281114  8.7262e-21
7469.652257  8.7393e-21
7608.296573  8.7656e-21
7748.215774  8.7787e-21
7889.411636  8.805e-21
8031.880623  8.8313e-21
8175.624495  8.8313e-21
8320.643252  8.8575e-21
8466.938735  8.8707e-21
8614.507278  8.8969e-21
8763.350707  8.8969e-21
8913.470909  8.9232e-21
9080.073564  8.9166e-21
9232.869152  8.91e-21
9371.477145  8.9363e-21
9526.695031  8.9363e-21
9683.187802  8.9494e-21
9840.957443  8.9626e-21
