17.92489309  8.65354e-20
38.59652301  8.6811e-20
59.06276015  8.6811e-20
83.86621662  8.6811e-20
113.0066798  8.73622e-20
146.4845455  8.6811e-20
184.2996305  8.6811e-20
226.4519348  8.6811e-20
272.9414585  8.6811e-20
323.7682015  8.73622e-20
378.9321638  8.73622e-20
438.4329267  8.6811e-20
502.2712982  8.73622e-20
570.446889  8.73622e-20
642.9596992  8.73622e-20
719.8097287  8.79134e-20
800.9969776  8.84646e-20
886.5214457  8.90157e-20
976.3825083  8.95669e-20
1070.581386  9.06693e-20
1169.117482  9.12205e-20
1271.990798  9.23228e-20
1379.201334  9.34252e-20
1490.749088  9.45276e-20
1606.633261  9.56299e-20
1726.855425  9.67323e-20
1819.868774  9.61811e-20
1851.414808  9.78346e-20
1980.31141  9.94882e-20
2113.545232  1.005906e-19
2251.116274  1.022441e-19
2393.024534  1.027953e-19
2539.269006  1.038976e-19
2689.851676  1.055512e-19
2844.771565  1.066535e-19
3004.028673  1.077559e-19
3167.623001  1.088583e-19
3335.554548  1.099606e-19
3507.823315  1.116142e-19
3684.428086  1.127165e-19
3865.371262  1.138189e-19
4050.651657  1.149213e-19
4240.269271  1.165748e-19
4434.224105  1.176772e-19
4632.516158  1.187795e-19
4835.144039  1.204331e-19
5042.110501  1.215354e-19
5253.414183  1.220866e-19
5469.055083  1.226378e-19
5689.033203  1.242913e-19
5913.348543  1.248425e-19
6142.001102  1.253937e-19
6374.989283  1.253937e-19
