46.53654593  5.01818e-20
48.71342025  6.08571e-20
49.26537834  5.17403e-20
54.95627556  5.33766e-20
67.27099957  4.4961e-20
71.87512753  3.8961e-20
75.94268454  4.26234e-20
85.13992804  4.66753e-20
94.86273006  3.46753e-20
98.74218035  4.87013e-20
101.107047  4.14545e-20
155.2665524  3.51429e-20
193.7552642  3.51429e-20
217.4917058  3.66234e-20
223.347047  3.44416e-20
309.2920169  3.95844e-20
398.1102373  4.24675e-20
482.4041177  4.0987e-20
619.0989949  4.65974e-20
775.0154888  4.97143e-20
1000.115325  4.75325e-20
1212.334906  4.72987e-20
1579.871706  5.23636e-20
1864.356955  5.08831e-20
2239.049906  5.74286e-20
2713.357682  5.22857e-20
3201.884859  5.57922e-20
3847.323918  6.28831e-20
4509.525409  5.83636e-20
5161.761501  6.14805e-20
5696.203918  6.2961e-20
6176.120897  6.22597e-20
6238.266899  6.52987e-20
