35.45321215  5.54026e-20
41.82053693  5.4e-20
45.46670041  5.26753e-20
48.71342025  5.15065e-20
52.64257047  5.01818e-20
59.73295826  4.88571e-20
66.62575325  4.73766e-20
71.20811348  4.60519e-20
77.32353182  4.45714e-20
85.13992804  4.30909e-20
91.81510728  4.15325e-20
101.107047  4.02078e-20
109.1920503  3.9039e-20
122.7752642  3.74805e-20
140.8755348  3.60779e-20
160.2173693  3.52987e-20
180.805673  3.51429e-20
202.635225  3.54545e-20
225.7115617  3.65455e-20
250.0288313  3.71688e-20
275.593201  3.79481e-20
302.3981882  3.91948e-20
324.7384202  3.98182e-20
353.7822428  4.04416e-20
384.0737648  4.15325e-20
412.3986178  4.2e-20
441.7311028  4.24675e-20
466.9402374  4.26234e-20
496.3627526  4.34026e-20
532.1233968  4.41818e-20
569.1325923  4.46494e-20
607.380954  4.51169e-20
648.8839182  4.58182e-20
691.7583817  4.65195e-20
733.862682  4.6987e-20
777.216338  4.76104e-20
808.2990164  4.80779e-20
853.7616486  4.83896e-20
900.4740624  4.87013e-20
943.5770933  4.90909e-20
985.206544  4.94026e-20
1032.799624  4.97922e-20
1084.114891  5.01039e-20
1136.66751  5.05714e-20
1190.46391  5.08831e-20
1245.511147  5.11948e-20
1301.795264  5.18182e-20
1359.330535  5.21299e-20
1418.102369  5.24416e-20
1478.125673  5.25974e-20
1545.582733  5.30649e-20
1601.896562  5.30649e-20
1665.643831  5.35325e-20
1730.634881  5.38442e-20
1796.878188  5.41558e-20
1864.356955  5.44675e-20
1933.088296  5.46234e-20
2003.05478  5.47792e-20
2074.274154  5.52468e-20
2146.728356  5.52468e-20
2224.150489  5.57922e-20
2295.377682  5.6026e-20
2371.563382  5.61818e-20
2449.002759  5.63377e-20
2527.676176  5.66494e-20
2607.603586  5.68052e-20
2688.764721  5.71169e-20
2771.180164  5.72727e-20
2854.829016  5.75844e-20
2939.721649  5.78961e-20
3025.869062  5.82078e-20
3113.249412  5.83636e-20
3201.884859  5.86753e-20
3291.752926  5.8987e-20
3382.876406  5.8987e-20
3475.232191  5.8987e-20
3568.843704  5.91429e-20
3663.687207  5.94545e-20
3759.774489  5.97662e-20
3857.117972  5.99221e-20
3955.692972  6.00779e-20
4055.524489  6.03896e-20
4156.587207  6.05455e-20
4258.893704  6.08571e-20
4362.457191  6.1013e-20
4467.251406  6.13247e-20
4573.302926  6.14805e-20
4680.584859  6.14805e-20
4789.124412  6.17922e-20
4898.894062  6.21039e-20
5009.921649  6.22597e-20
5139.126331  6.24156e-20
5247.104482  6.26494e-20
5350.439721  6.28831e-20
5466.428586  6.31948e-20
5583.676176  6.3039e-20
5702.152759  6.31948e-20
5821.888382  6.33506e-20
5942.852682  6.36623e-20
6089.664118  6.36623e-20
6207.15501  6.38961e-20
