10.56614031  3.30573e-19
12.27374149  3.2821e-19
16.65668319  3.23914e-19
21.03974335  3.19618e-19
26.67505574  3.15322e-19
32.15377638  3.11026e-19
39.04137786  3.0673e-19
46.59686992  3.02434e-19
55.89506169  2.98138e-19
67.21786182  2.93843e-19
79.58406258  2.89976e-19
91.60614663  2.8611e-19
105.9540836  2.82673e-19
121.3478496  2.79666e-19
137.7829916  2.77088e-19
155.2640602  2.74511e-19
173.7862158  2.71933e-19
193.354587  2.69785e-19
213.9637562  2.67637e-19
235.61943  2.65919e-19
258.3156128  2.63771e-19
282.0585892  2.61623e-19
306.8417856  2.60764e-19
332.6720645  2.59045e-19
359.5422746  2.56897e-19
387.459856  2.55179e-19
416.4170797  2.53461e-19
446.4219637  2.51742e-19
477.466201  2.50024e-19
509.5583876  2.48735e-19
542.6896385  2.47446e-19
576.8691276  2.46157e-19
612.0873922  2.44869e-19
648.3490913  2.42721e-19
685.659462  2.41432e-19
724.0135562  2.40143e-19
763.405848  2.38854e-19
803.8415744  2.37995e-19
845.3265503  2.36706e-19
887.8492902  2.35418e-19
931.4215686  2.34129e-19
976.0313222  2.3284e-19
1021.690903  2.31981e-19
1068.38767  2.30692e-19
1116.134554  2.29833e-19
1164.918335  2.28974e-19
1214.752521  2.28115e-19
1265.623315  2.26826e-19
1317.544804  2.26396e-19
1370.502612  2.24678e-19
1424.511403  2.23819e-19
1479.556225  2.23389e-19
1535.652319  2.221e-19
1592.784154  2.21671e-19
1650.959424  2.20812e-19
1710.186399  2.19952e-19
1770.448683  2.19523e-19
1831.762961  2.18664e-19
1894.112258  2.18234e-19
1957.513838  2.17375e-19
2021.950149  2.16945e-19
2087.439032  2.16086e-19
2153.962357  2.15656e-19
2221.538542  2.14797e-19
2290.14888  2.14367e-19
2359.812368  2.13508e-19
2430.50972  2.12649e-19
2502.260511  2.12649e-19
2575.044876  2.1222e-19
2648.882969  2.1136e-19
2723.754348  2.10931e-19
2799.679744  2.10501e-19
2876.638136  2.10072e-19
2954.650835  2.09212e-19
3033.696241  2.08353e-19
3113.785082  2.07924e-19
3194.928662  2.07494e-19
3277.104516  2.07064e-19
3360.335399  2.06635e-19
3444.598266  2.06205e-19
3529.916452  2.05346e-19
3616.266333  2.05346e-19
3703.671821  2.04487e-19
3792.108716  2.04057e-19
3881.601506  2.03628e-19
3972.125415  2.03198e-19
4063.705508  2.02768e-19
4156.31643  2.02339e-19
4249.983826  2.01909e-19
4344.681762  2.0148e-19
4440.43646  2.0062e-19
4537.221409  2.00191e-19
4635.06341  2.00191e-19
4733.935373  2.00191e-19
4833.864676  1.99332e-19
4934.823653  1.99332e-19
