13.57163496  8.35561e-20
19.73527315  8.37709e-20
26.67505574  8.37709e-20
36.38019856  8.42005e-20
45.6158406  8.33413e-20
55.89506169  8.33413e-20
67.81127226  8.26969e-20
80.87818583  8.29117e-20
94.39249474  8.29117e-20
108.9497564  8.29117e-20
124.5522961  8.29117e-20
141.1961828  8.29117e-20
158.886025  8.20525e-20
177.6169253  8.24821e-20
197.3940701  8.24821e-20
218.211984  8.24821e-20
240.0764314  8.24821e-20
262.9813589  8.24821e-20
286.9331088  8.29117e-20
311.92505  8.33413e-20
337.9604257  8.33413e-20
365.0430572  8.29117e-20
393.1654466  8.29117e-20
422.3353806  8.33413e-20
452.5447836  8.33413e-20
483.8020202  8.33413e-20
516.0984368  8.33413e-20
549.442976  8.33413e-20
583.8264063  8.37709e-20
619.258248  8.33413e-20
655.7286918  8.33413e-20
693.2478362  8.33413e-20
731.8052936  8.37709e-20
771.4117405  8.42005e-20
812.0562116  8.42005e-20
853.749961  8.46301e-20
896.4814457  8.46301e-20
940.2624977  8.42005e-20
985.080996  8.46301e-20
1030.949351  8.46301e-20
1077.854862  8.50597e-20
1125.803809  8.50597e-20
1174.803045  8.50597e-20
1224.839005  8.54893e-20
1275.925544  8.54893e-20
1328.048518  8.50597e-20
1381.222359  8.54893e-20
1435.432346  8.54893e-20
1490.69349  8.59189e-20
1546.990491  8.59189e-20
1604.338938  8.63484e-20
1662.722952  8.6778e-20
1722.158701  8.6778e-20
1782.629729  8.6778e-20
1844.152781  8.76372e-20
1906.710823  8.80668e-20
1970.321177  8.80668e-20
2034.966232  8.84964e-20
2100.663889  8.8926e-20
2167.395958  8.8926e-20
2235.180917  8.93556e-20
2304  8.93556e-20
2373.862517  8.93556e-20
2444.778358  8.97852e-20
2516.727889  9.02148e-20
2589.731032  9.06444e-20
2663.767577  9.06444e-20
2738.858023  9.1074e-20
2814.981581  9.15036e-20
2892.159329  9.23628e-20
2970.369901  9.19332e-20
3049.634952  9.23628e-20
3129.932538  9.27924e-20
3211.284891  9.3222e-20
3293.66949  9.40811e-20
3377.109146  9.40811e-20
3461.580759  9.49403e-20
3547.107718  9.53699e-20
3633.666344  9.53699e-20
3721.280605  9.57995e-20
3809.926245  9.62291e-20
3899.627809  9.66587e-20
3963.029847  9.70883e-20
4054.49289  9.79475e-20
4147.012247  9.83771e-20
4240.562304  9.92363e-20
4335.168964  1.00096e-19
4430.806034  1.00096e-19
4527.499997  1.00525e-19
4625.224081  1.01814e-19
4724.005346  1.03103e-19
4823.816444  1.03532e-19
4924.685011  1.04391e-19
5021.465561  1.05036e-19
