33.91070642  2.410377e-19
39.75579925  2.378931e-19
47.1621442  2.347484e-19
54.01368036  2.316038e-19
61.32972957  2.290881e-19
70.45201734  2.259434e-19
78.77450025  2.227987e-19
92.12909059  2.196541e-19
108.1934906  2.165094e-19
123.7545002  2.133648e-19
139.4106803  2.111635e-19
153.9991649  2.083333e-19
170.3601859  2.061321e-19
191.9726634  2.033019e-19
214.8754335  2.004717e-19
236.5914651  1.97327e-19
261.9458089  1.954403e-19
287.2275859  1.935535e-19
308.00952  1.916667e-19
336.8476586  1.897799e-19
366.976473  1.875786e-19
398.3952128  1.856918e-19
431.1042453  1.83805e-19
465.1040017  1.822327e-19
500.3936355  1.803459e-19
536.9735618  1.787736e-19
574.8437808  1.768868e-19
614.004788  1.753145e-19
654.4556082  1.737421e-19
696.1967211  1.724843e-19
739.2286703  1.712264e-19
783.5503845  1.699686e-19
836.1153932  1.683962e-19
880.8258273  1.674528e-19
929.1480565  1.66195e-19
978.7599848  1.649371e-19
1029.662206  1.639937e-19
1081.855377  1.621069e-19
1135.338199  1.61478e-19
1190.111314  1.605346e-19
1246.174721  1.592767e-19
1303.529144  1.580189e-19
1362.173152  1.573899e-19
1422.107454  1.561321e-19
1483.332818  1.551887e-19
1545.84772  1.542453e-19
1616.104321  1.531447e-19
1674.748403  1.523585e-19
1741.135018  1.514151e-19
1808.811107  1.507862e-19
1877.777489  1.498428e-19
1948.035046  1.492138e-19
2019.582029  1.482704e-19
2092.419304  1.476415e-19
2166.546873  1.470126e-19
2241.96568  1.460692e-19
2318.67385  1.454403e-19
2396.672312  1.448113e-19
2475.962062  1.438679e-19
2556.541125  1.43239e-19
2638.410481  1.426101e-19
2721.57013  1.419811e-19
2806.02113  1.413522e-19
2891.76138  1.407233e-19
2978.791922  1.397799e-19
3067.113865  1.394654e-19
3156.725009  1.388365e-19
3247.626445  1.38522e-19
3339.818174  1.375786e-19
3433.301368  1.372642e-19
3528.073698  1.366352e-19
3624.136321  1.360063e-19
3721.490456  1.353774e-19
3820.13368  1.350629e-19
3920.067197  1.347484e-19
4021.291006  1.341195e-19
4123.806393  1.33805e-19
4227.610803  1.331761e-19
4332.705506  1.328616e-19
4439.091835  1.325472e-19
4546.767139  1.322327e-19
4655.732736  1.316038e-19
4765.988626  1.309748e-19
4877.536205  1.306604e-19
4990.372696  1.303459e-19
5104.49948  1.300314e-19
5202.521955  1.295597e-19
5324.89673  1.290881e-19
5442.76538  1.287736e-19
5561.924322  1.284591e-19
5682.375065  1.278302e-19
5804.114609  1.275157e-19
5927.144445  1.272013e-19
6051.464574  1.268868e-19
6177.076568  1.262579e-19
6303.977298  1.259434e-19
6425.728205  1.253145e-19
6561.651256  1.25e-19
6692.42288  1.246855e-19
6824.484797  1.246855e-19
6957.837006  1.243711e-19
7092.481193  1.240566e-19
7228.414003  1.237421e-19
7365.637106  1.234277e-19
7504.152235  1.231132e-19
7643.955939  1.227987e-19
7785.049936  1.221698e-19
7927.434226  1.221698e-19
8071.110605  1.218553e-19
8216.075496  1.215409e-19
8354.987368  1.210692e-19
8465.477584  1.205975e-19
8584.13368  1.205975e-19
8733.616473  1.20283e-19
8884.387704  1.199686e-19
9036.449229  1.196541e-19
9189.801046  1.196541e-19
9344.445089  1.193396e-19
9500.377507  1.190252e-19
9657.600218  1.187107e-19
9816.115203  1.187107e-19
9991.969613  1.18239e-19
