3684.4293  1.38622e-19
3865.370018  1.39173e-19
4050.647838  1.39724e-19
4240.275783  1.39724e-19
4434.2281  1.40276e-19
4632.517519  1.40276e-19
4835.144039  1.40827e-19
5042.107661  1.40827e-19
5253.408384  1.41378e-19
5469.061  1.41929e-19
5689.03622  1.4248e-19
5913.348543  1.4248e-19
6141.997967  1.43032e-19
6374.984492  1.43032e-19
3529.655039  1.38071e-19
3356.846607  1.38071e-19
3188.375276  1.38071e-19
3024.241048  1.3752e-19
2864.44392  1.3752e-19
2708.983894  1.3752e-19
2557.850855  1.36968e-19
2411.065327  1.36968e-19
2268.6169  1.36417e-19
2130.505575  1.36417e-19
1996.731351  1.35866e-19
1867.294229  1.35866e-19
1742.18586  1.35866e-19
1621.423236  1.35315e-19
1504.997712  1.34764e-19
1392.909291  1.34213e-19
1285.157971  1.33661e-19
1181.736877  1.3311e-19
1082.660054  1.3311e-19
987.9203334  1.32559e-19
897.517714  1.32559e-19
811.452196  1.32008e-19
729.7183769  1.32008e-19
652.3273565  1.31457e-19
579.2734376  1.31457e-19
510.5566203  1.31457e-19
446.1769044  1.30906e-19
386.13036  1.30906e-19
330.4251418  1.30354e-19
279.057025  1.29803e-19
232.0260098  1.29803e-19
189.332096  1.30354e-19
150.9752838  1.30354e-19
116.9534103  1.30354e-19
87.27146929  1.30906e-19
61.92603988  1.30906e-19
40.91764296  1.31457e-19
24.24646536  1.32008e-19
14.58934416  1.32835e-19
