36.77524935  2.070755e-19
50.52977706  2.455975e-19
54.01368036  2.042453e-19
58.83933166  2.146226e-19
67.78113638  2.31761e-19
68.44401815  2.462264e-19
77.35519123  2.240566e-19
80.20671187  1.944969e-19
96.81300521  2.245283e-19
98.4000513  2.105346e-19
146.1282057  1.982704e-19
153.9991649  2.124214e-19
172.4633442  2.099057e-19
196.4499379  2.281447e-19
220.8029571  1.955975e-19
226.8108289  2.149371e-19
251.6490459  1.922956e-19
291.3258408  1.95283e-19
342.7704177  2.069182e-19
363.9056032  2.029874e-19
392.0083206  1.812893e-19
441.1688562  1.737421e-19
514.8705894  1.919811e-19
626.0044032  1.784591e-19
654.4556082  1.985849e-19
843.0974261  1.56761e-19
850.109073  1.698113e-19
857.14917  1.841195e-19
958.7606261  1.511006e-19
1071.313124  1.600629e-19
1303.529144  1.43239e-19
1362.173152  1.492138e-19
1600  1.52044e-19
1801.98552  1.454403e-19
1912.744977  1.564465e-19
2226.77907  1.334906e-19
2264.842365  1.419811e-19
2605.508312  1.336478e-19
2692.317845  1.341195e-19
2996.353742  1.353774e-19
3349.109355  1.312893e-19
3614.472115  1.243711e-19
3970.518445  1.413522e-19
4557.605501  1.400943e-19
4611.992206  1.327044e-19
5058.6945  1.27044e-19
5237.341635  1.306604e-19
5767.457721  1.416667e-19
6355.099828  1.303459e-19
6406.427213  1.22956e-19
7051.951781  1.177673e-19
7629.91768  1.272013e-19
8406.460126  1.231132e-19
9991.969613  1.171384e-19
