81.7870627  4.2082e-20
96.90315472  4.25504e-20
113.3011225  4.3175e-20
130.9788692  4.36435e-20
150.918768  4.42681e-20
170.177243  4.48926e-20
197.2788794  4.53611e-20
221.5900188  4.59076e-20
246.0600077  4.61418e-20
271.8079796  4.69226e-20
298.8369116  4.72349e-20
327.1468038  4.77033e-20
356.7414338  4.83279e-20
387.6134064  4.86402e-20
419.7663392  4.91087e-20
453.2002322  4.97332e-20
487.9150854  5.02017e-20
523.9154766  5.06701e-20
561.1924102  5.11386e-20
599.750304  5.1607e-20
639.589158  5.19193e-20
682.7978042  5.24658e-20
723.1151246  5.28562e-20
766.7970192  5.34808e-20
811.759874  5.37931e-20
858.0036889  5.44177e-20
905.528464  5.473e-20
954.3403778  5.51984e-20
1004.427233  5.55107e-20
1055.795049  5.61353e-20
1108.443825  5.69161e-20
1162.373561  5.70722e-20
1217.591236  5.76968e-20
1274.083052  5.81653e-20
1331.855829  5.84776e-20
1390.909566  5.8946e-20
1451.244263  5.94144e-20
1512.867699  5.97267e-20
1575.764477  6.0039e-20
1639.942214  6.05075e-20
1705.400912  6.06636e-20
1772.14057  6.12882e-20
1840.169768  6.14444e-20
1909.471506  6.19128e-20
1980.054205  6.22251e-20
2051.917864  6.28497e-20
2125.062483  6.3162e-20
2199.497441  6.36304e-20
2271.389813  6.4255e-20
2352.1918  6.44112e-20
2430.46042  6.47235e-20
2510.01  6.50358e-20
2590.85072  6.55042e-20
2672.96238  6.58165e-20
2756.355001  6.6285e-20
2841.028582  6.65973e-20
2926.983123  6.70657e-20
3014.229604  6.7378e-20
3102.746225  6.76903e-20
3192.543807  6.80026e-20
3283.622348  6.8471e-20
3375.98185  6.87833e-20
3469.634093  6.92518e-20
3564.555675  6.95641e-20
3660.758218  6.98764e-20
3758.24172  7.01887e-20
3857.006183  7.0501e-20
3957.064187  7.09694e-20
4058.39073  7.11256e-20
4160.998234  7.1594e-20
4264.886697  7.19063e-20
4370.056121  7.23748e-20
4476.519886  7.26871e-20
4584.25139  7.29993e-20
4693.263855  7.31555e-20
4803.557279  7.34678e-20
4915.131664  7.37801e-20
5028.001191  7.40924e-20
5142.137656  7.4717e-20
5245.960041  7.4717e-20
5362.530378  7.51854e-20
5480.381676  7.54977e-20
5599.513934  7.581e-20
5719.942278  7.61223e-20
5841.636616  7.61223e-20
