19.11298499  2.55472e-19
22.4675052  2.46654e-19
25.16135953  2.37835e-19
31.00641036  2.29016e-19
36.34317396  2.20197e-19
44.52625984  2.11378e-19
57.65653438  2.02559e-19
75.64911552  1.9374e-19
101.5701152  1.84921e-19
133.4232908  1.77756e-19
169.6115523  1.72795e-19
210.1369152  1.68386e-19
254.9993797  1.63976e-19
304.1989457  1.60669e-19
357.7356132  1.57913e-19
415.6134596  1.55158e-19
477.8246246  1.52953e-19
544.3728912  1.50748e-19
615.2582594  1.49094e-19
690.480729  1.48543e-19
770.0403002  1.47441e-19
829.9066256  1.4689e-19
903.0385604  1.46339e-19
993.7121382  1.46339e-19
1088.729417  1.46339e-19
1188.077492  1.45787e-19
1291.762669  1.45787e-19
1399.784948  1.45787e-19
1555.40317  1.45787e-19
1673.726285  1.45787e-19
1804.193586  1.45787e-19
1923.383821  1.45787e-19
2054.718241  1.45787e-19
2190.399123  1.45787e-19
2330.40804  1.45787e-19
2474.75406  1.45787e-19
2623.43718  1.45787e-19
2776.457402  1.45787e-19
2933.814726  1.45787e-19
3095.520279  1.45787e-19
3261.5521  1.45787e-19
3431.921023  1.46339e-19
3606.627047  1.46339e-19
3785.670173  1.4689e-19
3969.063  1.46339e-19
4156.780624  1.4689e-19
4348.835348  1.4689e-19
4545.227175  1.4689e-19
4745.956103  1.4689e-19
4931.62085  1.46614e-19
5120.847912  1.4689e-19
5333.775269  1.4689e-19
5551.039728  1.47441e-19
5772.641288  1.4689e-19
5998.57995  1.47441e-19
6228.871498  1.4689e-19
6397.056339  1.46614e-19
