15.4983155  8.7852e-20
23.77391322  8.42005e-20
31.33973128  8.24821e-20
39.94922589  7.99045e-20
49.60229955  7.77566e-20
60.29895226  7.60382e-20
72.03901426  7.5179e-20
84.8228106  7.38902e-20
98.650186  7.3031e-20
113.5205012  7.26014e-20
129.436129  7.17422e-20
146.3930605  7.13126e-20
164.3959909  7.04535e-20
183.439936  7.00239e-20
203.530169  7.00239e-20
224.6611277  7.00239e-20
246.8386632  7.00239e-20
270.0566356  7.00239e-20
294.3214736  7.08831e-20
319.6264596  7.08831e-20
345.9748802  7.08831e-20
373.3705998  7.08831e-20
401.806034  7.13126e-20
431.2890562  7.13126e-20
461.811504  7.13126e-20
493.3818288  7.17422e-20
525.9912903  7.21718e-20
559.6489176  7.26014e-20
594.3453926  7.26014e-20
630.0903226  7.26014e-20
666.8738112  7.26014e-20
704.7060437  7.3031e-20
743.576546  7.34606e-20
783.496081  7.38902e-20
824.4535969  7.43198e-20
866.4604345  7.5179e-20
909.504964  7.5179e-20
953.5991042  7.5179e-20
998.7306473  7.56086e-20
1044.91209  7.60382e-20
1092.130647  7.64678e-20
1140.399392  7.7327e-20
1189.704962  7.7327e-20
1240.053967  7.77566e-20
1291.453594  7.81862e-20
1343.889613  7.81862e-20
1397.376542  7.86158e-20
1451.899574  7.86158e-20
1507.473806  7.90453e-20
1564.083852  7.94749e-20
1621.745387  7.99045e-20
1680.442446  8.03341e-20
1740.191283  8.03341e-20
1800.975356  8.03341e-20
1862.811496  8.11933e-20
1925.682583  8.16229e-20
1989.606025  8.20525e-20
2054.564125  8.20525e-20
2120.57487  8.24821e-20
2187.619984  8.29117e-20
2255.718031  8.29117e-20
2324.850159  8.29117e-20
2395.035509  8.29117e-20
2466.25465  8.33413e-20
2538.517226  8.33413e-20
2611.833457  8.33413e-20
2686.183047  8.42005e-20
2761.586581  8.42005e-20
2838.023184  8.46301e-20
2915.51402  8.50597e-20
2994.037637  8.50597e-20
3073.615776  8.54893e-20
3154.226406  8.59189e-20
3235.891848  8.63484e-20
3318.589492  8.72076e-20
3402.342236  8.76372e-20
3487.126894  8.80668e-20
3572.96694  8.80668e-20
3659.838612  8.84964e-20
3747.765961  8.93556e-20
3836.724646  9.02148e-20
3926.739298  9.06444e-20
4017.784996  9.15036e-20
4109.886951  9.23628e-20
4203.019662  9.27924e-20
4297.195809  9.40811e-20
4392.428645  9.45107e-20
4488.691805  9.53699e-20
4586.011944  9.66587e-20
4684.362118  9.79475e-20
4783.769559  9.96659e-20
4884.206746  1.00525e-19
4985.70149  1.01814e-19
